levels (timeseries): samples=145
  data=[(0, 2000), (0.26892196695146375, 1957), (0.7250413937714464, 1921)] ...
  rate = 0.145
  mean = 1009.81
  stdev = 578.789
  var = 334997
  min = 18
  max = 2000
  avg_over_time=391.148
