arrivals (timemarks): samples=1001
  data=[0.053784393390292756, 0.1450082787542893, 0.2589614221257033] ...
  rate = 1.001
inter_arrivals (dataseries): samples=1001
  mean = 0.998714
  stdev = 0.989336
  var = 0.978785
  min = 0.00034846
  max = 9.35352
system_times (dataseries): samples=994
  data=[0.47542605365258694, 0.4195663293328595, 1.0040734156806599] ...
  mean = 5.9483
  stdev = 4.64061
  var = 21.5353
  min = 0.00781643
  max = 21.8591
in_systems (timeseries): samples=1995
  data=[(0.053784393390292756, 1), (0.1450082787542893, 2), (0.2589614221257033, 3)] ...
  rate = 1.995
  mean = 6.43409
  stdev = 5.16524
  var = 26.6797
  min = 0
  max = 22
  avg_over_time=5.93883
in_queues (timeseries): samples=1996
  data=[(0.053784393390292756, 1), (0.053784393390292756, 0), (0.1450082787542893, 1)] ...
  rate = 1.996
  mean = 5.55411
  stdev = 5.03321
  var = 25.3332
  min = 0
  max = 21
  avg_over_time=5.07294
